# DESCRIPTION: Verilator output: Timestamp data for --skip-identical.  Delete at will.
C "tpu.v --binary"
S  10993608   395405  1768869837   884256627  1705136080           0 "/usr/bin/verilator_bin"
S      4942  5260622  1768869837   894256687  1705136080           0 "/usr/share/verilator/include/verilated_std.sv"
T      3825 35652055  1768870165   210096204  1768870165   210096204 "obj_dir/Vtpu.cpp"
T      3576 35652054  1768870165   209096199  1768870165   209096199 "obj_dir/Vtpu.h"
T      1728 35653426  1768870165   542409500  1768870165   542409500 "obj_dir/Vtpu.mk"
T       737 35652052  1768870165   208775591  1768870165   208775591 "obj_dir/Vtpu__Syms.cpp"
T       912 35652053  1768870165   208839300  1768870165   208839300 "obj_dir/Vtpu__Syms.h"
T   1492592 35653268  1768870165   239096358  1768870165   239096358 "obj_dir/Vtpu___024root.h"
T      1571 35653409  1768870165   417915291  1768870165   417915291 "obj_dir/Vtpu___024root__DepSet_h2e5e179d__0.cpp"
T       838 35653366  1768870165   267588532  1768870165   267588532 "obj_dir/Vtpu___024root__DepSet_h2e5e179d__0__Slow.cpp"
T    511338 35653410  1768870165   426097348  1768870165   426097348 "obj_dir/Vtpu___024root__DepSet_hb46007f4__0.cpp"
T    648617 35653395  1768870165   277920021  1768870165   277920021 "obj_dir/Vtpu___024root__DepSet_hb46007f4__0__Slow.cpp"
T    492638 35653411  1768870165   434097391  1768870165   434097391 "obj_dir/Vtpu___024root__DepSet_hb46007f4__1.cpp"
T    673357 35653420  1768870165   518704261  1768870165   518704261 "obj_dir/Vtpu___024root__DepSet_hb46007f4__10.cpp"
T       724 35653408  1768870165   390544318  1768870165   390544318 "obj_dir/Vtpu___024root__DepSet_hb46007f4__10__Slow.cpp"
T    702525 35653421  1768870165   527731397  1768870165   527731397 "obj_dir/Vtpu___024root__DepSet_hb46007f4__11.cpp"
T    681260 35653422  1768870165   535097925  1768870165   535097925 "obj_dir/Vtpu___024root__DepSet_hb46007f4__12.cpp"
T    527775 35653423  1768870165   542217589  1768870165   542217589 "obj_dir/Vtpu___024root__DepSet_hb46007f4__13.cpp"
T    630447 35653399  1768870165   287096612  1768870165   287096612 "obj_dir/Vtpu___024root__DepSet_hb46007f4__1__Slow.cpp"
T    871135 35653412  1768870165   445097449  1768870165   445097449 "obj_dir/Vtpu___024root__DepSet_hb46007f4__2.cpp"
T    660026 35653400  1768870165   298096670  1768870165   298096670 "obj_dir/Vtpu___024root__DepSet_hb46007f4__2__Slow.cpp"
T    870248 35653413  1768870165   459097523  1768870165   459097523 "obj_dir/Vtpu___024root__DepSet_hb46007f4__3.cpp"
T    665852 35653401  1768870165   310468520  1768870165   310468520 "obj_dir/Vtpu___024root__DepSet_hb46007f4__3__Slow.cpp"
T    549115 35653414  1768870165   468413266  1768870165   468413266 "obj_dir/Vtpu___024root__DepSet_hb46007f4__4.cpp"
T    680383 35653402  1768870165   321521997  1768870165   321521997 "obj_dir/Vtpu___024root__DepSet_hb46007f4__4__Slow.cpp"
T    556118 35653415  1768870165   475097608  1768870165   475097608 "obj_dir/Vtpu___024root__DepSet_hb46007f4__5.cpp"
T    670843 35653403  1768870165   333407489  1768870165   333407489 "obj_dir/Vtpu___024root__DepSet_hb46007f4__5__Slow.cpp"
T    584838 35653416  1768870165   483097650  1768870165   483097650 "obj_dir/Vtpu___024root__DepSet_hb46007f4__6.cpp"
T    671236 35653404  1768870165   344824289  1768870165   344824289 "obj_dir/Vtpu___024root__DepSet_hb46007f4__6__Slow.cpp"
T    621046 35653417  1768870165   491097692  1768870165   491097692 "obj_dir/Vtpu___024root__DepSet_hb46007f4__7.cpp"
T    831531 35653405  1768870165   356648365  1768870165   356648365 "obj_dir/Vtpu___024root__DepSet_hb46007f4__7__Slow.cpp"
T    631101 35653418  1768870165   501278110  1768870165   501278110 "obj_dir/Vtpu___024root__DepSet_hb46007f4__8.cpp"
T   1443777 35653406  1768870165   380355878  1768870165   380355878 "obj_dir/Vtpu___024root__DepSet_hb46007f4__8__Slow.cpp"
T    655334 35653419  1768870165   508097782  1768870165   508097782 "obj_dir/Vtpu___024root__DepSet_hb46007f4__9.cpp"
T    591949 35653407  1768870165   389097152  1768870165   389097152 "obj_dir/Vtpu___024root__DepSet_hb46007f4__9__Slow.cpp"
T       613 35653273  1768870165   240096363  1768870165   240096363 "obj_dir/Vtpu___024root__Slow.cpp"
T       899 35653424  1768870165   542298091  1768870165   542298091 "obj_dir/Vtpu__main.cpp"
T       684 35653208  1768870165   211362696  1768870165   211362696 "obj_dir/Vtpu__pch.h"
T      1712 35653427  1768870165   542409500  1768870165   542409500 "obj_dir/Vtpu__ver.d"
T         0        0  1768870165   542409500  1768870165   542409500 "obj_dir/Vtpu__verFiles.dat"
T      2597 35653425  1768870165   542361520  1768870165   542361520 "obj_dir/Vtpu_classes.mk"
S   3071831 35556144  1768869039   884774240  1768869039   884774240 "tpu.v"
